32,3
10,178
10,176
10,234
10,124
10,166
10,256
10,262
10,32
10,2
10,3
11,29
11,24
11,20
11,19
11,5
11,18
11,2
11,3
9,7
9,2
9,3
8,14
8,15
8,16
8,11
8,2
8,3
19,2
19,1
19,3
259,590
259,589
259,588
259,587
259,586
259,585
259,584
259,583
259,582
259,581
259,580
259,579
259,578
259,577
259,576
259,575
259,574
259,573
259,572
259,571
259,570
259,569
259,568
259,567
259,566
259,565
259,564
259,563
259,562
259,561
259,560
18,1
259,1
223,5
223,4
18,3
223,3
223,2
223,1
14,6
217,3
14,3
217,1
13,1
215,4
13,3
215,3
215,1
214,4
214,3
214,2
214,1
103,45
103,44
103,43
103,42
103,41
103,40
103,39
103,38
103,37
103,36
103,35
103,34
103,33
103,32
103,31
103,21
103,16
103,15
103,14
103,13
103,12
103,10
103,9
103,1
46,7
2,2
46,6
46,5
2,1
46,4
2,3
46,3
46,1
45,3
45,1
43,4
43,3
43,1
